1000000000000000000000000000000000000000000000000000000000000000000000000000000000000000000000000000000000110001111001101101100
0100000000000000000000000000000000000000000000000000000000000000000000000000000000000000000000000000000000011000111100110110110
0010000000000000000000000000000000000000000000000000000000000000000000000000000000000000000000000000000000001100011110011011011
0001000000000000000000000000000000000000000000000000000000000000000000000000000000000000000000000000000000110111110110100000001
0000100000000000000000000000000000000000000000000000000000000000000000000000000000000000000000000000000000101010000010111101100
0000010000000000000000000000000000000000000000000000000000000000000000000000000000000000000000000000000000010101000001011110110
0000001000000000000000000000000000000000000000000000000000000000000000000000000000000000000000000000000000001010100000101111011
0000000100000000000000000000000000000000000000000000000000000000000000000000000000000000000000000000000000110100101001111010001
0000000010000000000000000000000000000000000000000000000000000000000000000000000000000000000000000000000000101011101101010000100
0000000001000000000000000000000000000000000000000000000000000000000000000000000000000000000000000000000000010101110110101000010
0000000000100000000000000000000000000000000000000000000000000000000000000000000000000000000000000000000000001010111011010100001
0000000000010000000000000000000000000000000000000000000000000000000000000000000000000000000000000000000000110100100100000111100
0000000000001000000000000000000000000000000000000000000000000000000000000000000000000000000000000000000000011010010010000011110
0000000000000100000000000000000000000000000000000000000000000000000000000000000000000000000000000000000000001101001001000001111
0000000000000010000000000000000000000000000000000000000000000000000000000000000000000000000000000000000000110111011101001101011
0000000000000001000000000000000000000000000000000000000000000000000000000000000000000000000000000000000000101010010111001011001
0000000000000000100000000000000000000000000000000000000000000000000000000000000000000000000000000000000000100100110010001000000
0000000000000000010000000000000000000000000000000000000000000000000000000000000000000000000000000000000000010010011001000100000
0000000000000000001000000000000000000000000000000000000000000000000000000000000000000000000000000000000000001001001100100010000
0000000000000000000100000000000000000000000000000000000000000000000000000000000000000000000000000000000000000100100110010001000
0000000000000000000010000000000000000000000000000000000000000000000000000000000000000000000000000000000000000010010011001000100
0000000000000000000001000000000000000000000000000000000000000000000000000000000000000000000000000000000000000001001001100100010
0000000000000000000000100000000000000000000000000000000000000000000000000000000000000000000000000000000000000000100100110010001
0000000000000000000000010000000000000000000000000000000000000000000000000000000000000000000000000000000000110001101011110100100
0000000000000000000000001000000000000000000000000000000000000000000000000000000000000000000000000000000000011000110101111010010
0000000000000000000000000100000000000000000000000000000000000000000000000000000000000000000000000000000000001100011010111101001
0000000000000000000000000010000000000000000000000000000000000000000000000000000000000000000000000000000000110111110100110011000
0000000000000000000000000001000000000000000000000000000000000000000000000000000000000000000000000000000000011011111010011001100
0000000000000000000000000000100000000000000000000000000000000000000000000000000000000000000000000000000000001101111101001100110
0000000000000000000000000000010000000000000000000000000000000000000000000000000000000000000000000000000000000110111110100110011
0000000000000000000000000000001000000000000000000000000000000000000000000000000000000000000000000000000000110010100110111110101
0000000000000000000000000000000100000000000000000000000000000000000000000000000000000000000000000000000000101000101010110010110
0000000000000000000000000000000010000000000000000000000000000000000000000000000000000000000000000000000000010100010101011001011
0000000000000000000000000000000001000000000000000000000000000000000000000000000000000000000000000000000000111011110011000001001
0000000000000000000000000000000000100000000000000000000000000000000000000000000000000000000000000000000000101100000000001101000
0000000000000000000000000000000000010000000000000000000000000000000000000000000000000000000000000000000000010110000000000110100
0000000000000000000000000000000000001000000000000000000000000000000000000000000000000000000000000000000000001011000000000011010
0000000000000000000000000000000000000100000000000000000000000000000000000000000000000000000000000000000000000101100000000001101
0000000000000000000000000000000000000010000000000000000000000000000000000000000000000000000000000000000000110011001001101101010
0000000000000000000000000000000000000001000000000000000000000000000000000000000000000000000000000000000000011001100100110110101
0000000000000000000000000000000000000000100000000000000000000000000000000000000000000000000000000000000000111101001011110110110
0000000000000000000000000000000000000000010000000000000000000000000000000000000000000000000000000000000000011110100101111011011
0000000000000000000000000000000000000000001000000000000000000000000000000000000000000000000000000000000000111110101011010000001
0000000000000000000000000000000000000000000100000000000000000000000000000000000000000000000000000000000000101110101100000101100
0000000000000000000000000000000000000000000010000000000000000000000000000000000000000000000000000000000000010111010110000010110
0000000000000000000000000000000000000000000001000000000000000000000000000000000000000000000000000000000000001011101011000001011
0000000000000000000000000000000000000000000000100000000000000000000000000000000000000000000000000000000000110100001100001101001
0000000000000000000000000000000000000000000000010000000000000000000000000000000000000000000000000000000000101011111111101011000
0000000000000000000000000000000000000000000000001000000000000000000000000000000000000000000000000000000000010101111111110101100
0000000000000000000000000000000000000000000000000100000000000000000000000000000000000000000000000000000000001010111111111010110
0000000000000000000000000000000000000000000000000010000000000000000000000000000000000000000000000000000000000101011111111101011
0000000000000000000000000000000000000000000000000001000000000000000000000000000000000000000000000000000000110011010110010011001
0000000000000000000000000000000000000000000000000000100000000000000000000000000000000000000000000000000000101000010010100100000
0000000000000000000000000000000000000000000000000000010000000000000000000000000000000000000000000000000000010100001001010010000
0000000000000000000000000000000000000000000000000000001000000000000000000000000000000000000000000000000000001010000100101001000
0000000000000000000000000000000000000000000000000000000100000000000000000000000000000000000000000000000000000101000010010100100
0000000000000000000000000000000000000000000000000000000010000000000000000000000000000000000000000000000000000010100001001010010
0000000000000000000000000000000000000000000000000000000001000000000000000000000000000000000000000000000000000001010000100101001
0000000000000000000000000000000000000000000000000000000000100000000000000000000000000000000000000000000000110001010001111111000
0000000000000000000000000000000000000000000000000000000000010000000000000000000000000000000000000000000000011000101000111111100
0000000000000000000000000000000000000000000000000000000000001000000000000000000000000000000000000000000000001100010100011111110
0000000000000000000000000000000000000000000000000000000000000100000000000000000000000000000000000000000000000110001010001111111
0000000000000000000000000000000000000000000000000000000000000010000000000000000000000000000000000000000000110010111100101010011
0000000000000000000000000000000000000000000000000000000000000001000000000000000000000000000000000000000000101000100111111000101
0000000000000000000000000000000000000000000000000000000000000000100000000000000000000000000000000000000000100101101010010001110
0000000000000000000000000000000000000000000000000000000000000000010000000000000000000000000000000000000000010010110101001000111
0000000000000000000000000000000000000000000000000000000000000000001000000000000000000000000000000000000000111000100011001001111
0000000000000000000000000000000000000000000000000000000000000000000100000000000000000000000000000000000000101101101000001001011
0000000000000000000000000000000000000000000000000000000000000000000010000000000000000000000000000000000000100111001101101001001
0000000000000000000000000000000000000000000000000000000000000000000001000000000000000000000000000000000000100010011111011001000
0000000000000000000000000000000000000000000000000000000000000000000000100000000000000000000000000000000000010001001111101100100
0000000000000000000000000000000000000000000000000000000000000000000000010000000000000000000000000000000000001000100111110110010
0000000000000000000000000000000000000000000000000000000000000000000000001000000000000000000000000000000000000100010011111011001
0000000000000000000000000000000000000000000000000000000000000000000000000100000000000000000000000000000000110011110000010000000
0000000000000000000000000000000000000000000000000000000000000000000000000010000000000000000000000000000000011001111000001000000
0000000000000000000000000000000000000000000000000000000000000000000000000001000000000000000000000000000000001100111100000100000
0000000000000000000000000000000000000000000000000000000000000000000000000000100000000000000000000000000000000110011110000010000
0000000000000000000000000000000000000000000000000000000000000000000000000000010000000000000000000000000000000011001111000001000
0000000000000000000000000000000000000000000000000000000000000000000000000000001000000000000000000000000000000001100111100000100
0000000000000000000000000000000000000000000000000000000000000000000000000000000100000000000000000000000000000000110011110000010
0000000000000000000000000000000000000000000000000000000000000000000000000000000010000000000000000000000000000000011001111000001
0000000000000000000000000000000000000000000000000000000000000000000000000000000001000000000000000000000000110001110101010001100
0000000000000000000000000000000000000000000000000000000000000000000000000000000000100000000000000000000000011000111010101000110
0000000000000000000000000000000000000000000000000000000000000000000000000000000000010000000000000000000000001100011101010100011
0000000000000000000000000000000000000000000000000000000000000000000000000000000000001000000000000000000000110111110111000111101
0000000000000000000000000000000000000000000000000000000000000000000000000000000000000100000000000000000000101010000010001110010
0000000000000000000000000000000000000000000000000000000000000000000000000000000000000010000000000000000000010101000001000111001
0000000000000000000000000000000000000000000000000000000000000000000000000000000000000001000000000000000000111011011001001110000
0000000000000000000000000000000000000000000000000000000000000000000000000000000000000000100000000000000000011101101100100111000
0000000000000000000000000000000000000000000000000000000000000000000000000000000000000000010000000000000000001110110110010011100
0000000000000000000000000000000000000000000000000000000000000000000000000000000000000000001000000000000000000111011011001001110
0000000000000000000000000000000000000000000000000000000000000000000000000000000000000000000100000000000000000011101101100100111
0000000000000000000000000000000000000000000000000000000000000000000000000000000000000000000010000000000000110000001111011111111
0000000000000000000000000000000000000000000000000000000000000000000000000000000000000000000001000000000000101001111110000010011
0000000000000000000000000000000000000000000000000000000000000000000000000000000000000000000000100000000000100101000110101100101
0000000000000000000000000000000000000000000000000000000000000000000000000000000000000000000000010000000000100011011010111011110
0000000000000000000000000000000000000000000000000000000000000000000000000000000000000000000000001000000000010001101101011101111
0000000000000000000000000000000000000000000000000000000000000000000000000000000000000000000000000100000000111001001111000011011
0000000000000000000000000000000000000000000000000000000000000000000000000000000000000000000000000010000000101101011110001100001
0000000000000000000000000000000000000000000000000000000000000000000000000000000000000000000000000001000000100111010110101011100
0000000000000000000000000000000000000000000000000000000000000000000000000000000000000000000000000000100000010011101011010101110
0000000000000000000000000000000000000000000000000000000000000000000000000000000000000000000000000000010000001001110101101010111
0000000000000000000000000000000000000000000000000000000000000000000000000000000000000000000000000000001000110101000011011000111
0000000000000000000000000000000000000000000000000000000000000000000000000000000000000000000000000000000100101011011000000001111
0000000000000000000000000000000000000000000000000000000000000000000000000000000000000000000000000000000010100100010101101101011
0000000000000000000000000000000000000000000000000000000000000000000000000000000000000000000000000000000001100011110011011011001
