110001111001101101100
011000111100110110110
001100011110011011011
110111110110100000001
101010000010111101100
010101000001011110110
001010100000101111011
110100101001111010001
101011101101010000100
010101110110101000010
001010111011010100001
110100100100000111100
011010010010000011110
001101001001000001111
110111011101001101011
101010010111001011001
100100110010001000000
010010011001000100000
001001001100100010000
000100100110010001000
000010010011001000100
000001001001100100010
000000100100110010001
110001101011110100100
011000110101111010010
001100011010111101001
110111110100110011000
011011111010011001100
001101111101001100110
000110111110100110011
110010100110111110101
101000101010110010110
010100010101011001011
111011110011000001001
101100000000001101000
010110000000000110100
001011000000000011010
000101100000000001101
110011001001101101010
011001100100110110101
111101001011110110110
011110100101111011011
111110101011010000001
101110101100000101100
010111010110000010110
001011101011000001011
110100001100001101001
101011111111101011000
010101111111110101100
001010111111111010110
000101011111111101011
110011010110010011001
101000010010100100000
010100001001010010000
001010000100101001000
000101000010010100100
000010100001001010010
000001010000100101001
110001010001111111000
011000101000111111100
001100010100011111110
000110001010001111111
110010111100101010011
101000100111111000101
100101101010010001110
010010110101001000111
111000100011001001111
101101101000001001011
100111001101101001001
100010011111011001000
010001001111101100100
001000100111110110010
000100010011111011001
110011110000010000000
011001111000001000000
001100111100000100000
000110011110000010000
000011001111000001000
000001100111100000100
000000110011110000010
000000011001111000001
110001110101010001100
011000111010101000110
001100011101010100011
110111110111000111101
101010000010001110010
010101000001000111001
111011011001001110000
011101101100100111000
001110110110010011100
000111011011001001110
000011101101100100111
110000001111011111111
101001111110000010011
100101000110101100101
100011011010111011110
010001101101011101111
111001001111000011011
101101011110001100001
100111010110101011100
010011101011010101110
001001110101101010111
110101000011011000111
101011011000000001111
100100010101101101011
100011110011011011001
100000000000000000000
010000000000000000000
001000000000000000000
000100000000000000000
000010000000000000000
000001000000000000000
000000100000000000000
000000010000000000000
000000001000000000000
000000000100000000000
000000000010000000000
000000000001000000000
000000000000100000000
000000000000010000000
000000000000001000000
000000000000000100000
000000000000000010000
000000000000000001000
000000000000000000100
000000000000000000010
000000000000000000001